Pcp_File_Version=4
*** BLOCK I: ATMOSPHERIC INFORMATION  **********************************
   MaxAL                    (MaxAL = number of atmospheric data-records)
    960
 DailyVar  SinusVar  lLay  lBCCycles lInterc lDummy  lDummy  lDummy  lDummy  lDummy
       f       f       t       f       f       f       f       f       f       f
 Extinction
    0.39
 hCritS                 (max. allowed pressure head at the soil surface)
      0
       tAtm        Prec       rSoil       rRoot      hCritA          rB          hB          ht   RootDepth
       0.25       0.000      0.0000      4.0000      100000      0.0042      0.0000      0.0000
       0.50       0.000      0.0000      4.0000      100000      0.0042      0.0000      0.0000
       0.75       0.000      0.0000      4.0000      100000      0.0042      0.0000      0.0000
       1.00       0.000      0.0000      4.0000      100000      0.0042      0.0000      0.0000
       1.25       0.000      0.0000      4.0000      100000      0.0042      0.0000      0.0000
       1.50       0.000      0.0000      4.0000      100000      0.0042      0.0000      0.0000
       1.75       0.000      0.0000      4.0000      100000      0.0042      0.0000      0.0000
       2.00       0.000      0.0000      4.0000      100000      0.0042      0.0000      0.0000
       2.25       0.000      0.0000      4.0000      100000      0.0042      0.0000      0.0000
       2.50       0.000      0.0000      4.0000      100000      0.0042      0.0000      0.0000
       2.75       0.000      0.0000      4.0000      100000      0.0042      0.0000      0.0000
       3.00       0.000      0.0000      4.0000      100000      0.0042      0.0000      0.0000
       3.25       0.000      0.0000      4.0000      100000      0.0042      0.0000      0.0000
       3.50       0.000      0.0000      4.0000      100000      0.0042      0.0000      0.0000
       3.75       0.000      0.0000      4.0000      100000      0.0042      0.0000      0.0000
       4.00       0.000      0.0000      4.0000      100000      0.0042      0.0000      0.0000
       4.25       0.000      0.0000      4.0000      100000      0.0042      0.0000      0.0000
       4.50       0.000      0.0000      4.0000      100000      0.0042      0.0000      0.0000
       4.75       0.000      0.0000      4.0000      100000      0.0042      0.0000      0.0000
       5.00       0.000      0.0000      4.0000      100000      0.0042      0.0000      0.0000
       5.25       0.000      0.0000      4.0000      100000      0.0042      0.0000      0.0000
       5.50       0.000      0.0000      4.0000      100000      0.0042      0.0000      0.0000
       5.75       0.000      0.0000      4.0000      100000      0.0042      0.0000      0.0000
       6.00       0.000      0.0000      4.0000      100000      0.0042      0.0000      0.0000
       6.25       0.000      0.0035      4.0000      100000      0.0042      0.0000      0.0000
       6.50       0.000      0.0035      4.0000      100000      0.0042      0.0000      0.0000
       6.75       0.000      0.0035      4.0000      100000      0.0042      0.0000      0.0000
       7.00       0.000      0.0035      4.0000      100000      0.0042      0.0000      0.0000
       7.25       0.000      0.0132      4.0000      100000      0.0042      0.0000      0.0000
       7.50       0.000      0.0132      4.0000      100000      0.0042      0.0000      0.0000
       7.75       0.000      0.0132      4.0000      100000      0.0042      0.0000      0.0000
       8.00       0.000      0.0132      4.0000      100000      0.0042      0.0000      0.0000
       8.25       0.000      0.0276      4.0000      100000      0.0042      0.0000      0.0000
       8.50       0.000      0.0276      4.0000      100000      0.0042      0.0000      0.0000
       8.75       0.000      0.0276      4.0000      100000      0.0042      0.0000      0.0000
       9.00       0.000      0.0276      4.0000      100000      0.0042      0.0000      0.0000
       9.25       0.000      0.0442      4.0000      100000      0.0042      0.0000      0.0000
       9.50       0.000      0.0442      4.0000      100000      0.0042      0.0000      0.0000
       9.75       0.000      0.0442      4.0000      100000      0.0042      0.0000      0.0000
      10.00       0.000      0.0442      4.0000      100000      0.0042      0.0000      0.0000
      10.25       0.000      0.0600      4.0000      100000      0.0042      0.0000      0.0000
      10.50       0.000      0.0600      4.0000      100000      0.0042      0.0000      0.0000
      10.75       0.000      0.0600      4.0000      100000      0.0042      0.0000      0.0000
      11.00       0.000      0.0600      4.0000      100000      0.0042      0.0000      0.0000
      11.25       0.000      0.0724      4.0000      100000      0.0042      0.0000      0.0000
      11.50       0.000      0.0724      4.0000      100000      0.0042      0.0000      0.0000
      11.75       0.000      0.0724      4.0000      100000      0.0042      0.0000      0.0000
      12.00       0.000      0.0724      4.0000      100000      0.0042      0.0000      0.0000
      12.25       0.000      0.0791      4.0000      100000      0.0042      0.0000      0.0000
      12.50       0.000      0.0791      4.0000      100000      0.0042      0.0000      0.0000
      12.75       0.000      0.0791      4.0000      100000      0.0042      0.0000      0.0000
      13.00       0.000      0.0791      4.0000      100000      0.0042      0.0000      0.0000
      13.25       0.000      0.0791      4.0000      100000      0.0042      0.0000      0.0000
      13.50       0.000      0.0791      4.0000      100000      0.0042      0.0000      0.0000
      13.75       0.000      0.0791      4.0000      100000      0.0042      0.0000      0.0000
      14.00       0.000      0.0791      4.0000      100000      0.0042      0.0000      0.0000
      14.25       0.000      0.0724      4.0000      100000      0.0042      0.0000      0.0000
      14.50       0.000      0.0724      4.0000      100000      0.0042      0.0000      0.0000
      14.75       0.000      0.0724      4.0000      100000      0.0042      0.0000      0.0000
      15.00       0.000      0.0724      4.0000      100000      0.0042      0.0000      0.0000
      15.25       0.000      0.0600      4.0000      100000      0.0042      0.0000      0.0000
      15.50       0.000      0.0600      4.0000      100000      0.0042      0.0000      0.0000
      15.75       0.000      0.0600      4.0000      100000      0.0042      0.0000      0.0000
      16.00       0.000      0.0600      4.0000      100000      0.0042      0.0000      0.0000
      16.25       0.000      0.0442      4.0000      100000      0.0042      0.0000      0.0000
      16.50       0.000      0.0442      4.0000      100000      0.0042      0.0000      0.0000
      16.75       0.000      0.0442      4.0000      100000      0.0042      0.0000      0.0000
      17.00       0.000      0.0442      4.0000      100000      0.0042      0.0000      0.0000
      17.25       0.000      0.0276      4.0000      100000      0.0042      0.0000      0.0000
      17.50       0.000      0.0276      4.0000      100000      0.0042      0.0000      0.0000
      17.75       0.000      0.0276      4.0000      100000      0.0042      0.0000      0.0000
      18.00       0.000      0.0276      4.0000      100000      0.0042      0.0000      0.0000
      18.25       0.000      0.0132      4.0000      100000      0.0042      0.0000      0.0000
      18.50       0.000      0.0132      4.0000      100000      0.0042      0.0000      0.0000
      18.75       0.000      0.0132      4.0000      100000      0.0042      0.0000      0.0000
      19.00       0.000      0.0132      4.0000      100000      0.0042      0.0000      0.0000
      19.25       0.000      0.0035      4.0000      100000      0.0042      0.0000      0.0000
      19.50       0.000      0.0035      4.0000      100000      0.0042      0.0000      0.0000
      19.75       0.000      0.0035      4.0000      100000      0.0042      0.0000      0.0000
      20.00       0.000      0.0035      4.0000      100000      0.0042      0.0000      0.0000
      20.25       0.000      0.0000      4.0000      100000      0.0042      0.0000      0.0000
      20.50       0.000      0.0000      4.0000      100000      0.0042      0.0000      0.0000
      20.75       0.000      0.0000      4.0000      100000      0.0042      0.0000      0.0000
      21.00       0.000      0.0000      4.0000      100000      0.0042      0.0000      0.0000
      21.25       0.000      0.0000      4.0000      100000      0.0042      0.0000      0.0000
      21.50       0.000      0.0000      4.0000      100000      0.0042      0.0000      0.0000
      21.75       0.000      0.0000      4.0000      100000      0.0042      0.0000      0.0000
      22.00       0.000      0.0000      4.0000      100000      0.0042      0.0000      0.0000
      22.25       0.000      0.0000      4.0000      100000      0.0042      0.0000      0.0000
      22.50       0.000      0.0000      4.0000      100000      0.0042      0.0000      0.0000
      22.75       0.000      0.0000      4.0000      100000      0.0042      0.0000      0.0000
      23.00       0.000      0.0000      4.0000      100000      0.0042      0.0000      0.0000
      23.25       0.000      0.0000      4.0000      100000      0.0042      0.0000      0.0000
      23.50       0.000      0.0000      4.0000      100000      0.0042      0.0000      0.0000
      23.75       0.000      0.0000      4.0000      100000      0.0042      0.0000      0.0000
      24.00       0.000      0.0000      4.0000      100000      0.0042      0.0000      0.0000
      24.25       0.000      0.0000      4.0000      100000      0.0042      0.0000      0.0000
      24.50       0.000      0.0000      4.0000      100000      0.0042      0.0000      0.0000
      24.75       0.000      0.0000      4.0000      100000      0.0042      0.0000      0.0000
      25.00       0.000      0.0000      4.0000      100000      0.0042      0.0000      0.0000
      25.25       0.000      0.0000      4.0000      100000      0.0042      0.0000      0.0000
      25.50       0.000      0.0000      4.0000      100000      0.0042      0.0000      0.0000
      25.75       0.000      0.0000      4.0000      100000      0.0042      0.0000      0.0000
      26.00       0.000      0.0000      4.0000      100000      0.0042      0.0000      0.0000
      26.25       0.000      0.0000      4.0000      100000      0.0042      0.0000      0.0000
      26.50       0.000      0.0000      4.0000      100000      0.0042      0.0000      0.0000
      26.75       0.000      0.0000      4.0000      100000      0.0042      0.0000      0.0000
      27.00       0.000      0.0000      4.0000      100000      0.0042      0.0000      0.0000
      27.25       0.000      0.0000      4.0000      100000      0.0042      0.0000      0.0000
      27.50       0.000      0.0000      4.0000      100000      0.0042      0.0000      0.0000
      27.75       0.000      0.0000      4.0000      100000      0.0042      0.0000      0.0000
      28.00       0.000      0.0000      4.0000      100000      0.0042      0.0000      0.0000
      28.25       0.000      0.0000      4.0000      100000      0.0042      0.0000      0.0000
      28.50       0.000      0.0000      4.0000      100000      0.0042      0.0000      0.0000
      28.75       0.000      0.0000      4.0000      100000      0.0042      0.0000      0.0000
      29.00       0.000      0.0000      4.0000      100000      0.0042      0.0000      0.0000
      29.25       0.000      0.0000      4.0000      100000      0.0042      0.0000      0.0000
      29.50       0.000      0.0000      4.0000      100000      0.0042      0.0000      0.0000
      29.75       0.000      0.0000      4.0000      100000      0.0042      0.0000      0.0000
      30.00       0.000      0.0000      4.0000      100000      0.0042      0.0000      0.0000
      30.25       0.000      0.0035      4.0000      100000      0.0042      0.0000      0.0000
      30.50       0.000      0.0035      4.0000      100000      0.0042      0.0000      0.0000
      30.75       0.000      0.0035      4.0000      100000      0.0042      0.0000      0.0000
      31.00       0.000      0.0035      4.0000      100000      0.0042      0.0000      0.0000
      31.25       0.000      0.0132      4.0000      100000      0.0042      0.0000      0.0000
      31.50       0.000      0.0132      4.0000      100000      0.0042      0.0000      0.0000
      31.75       0.000      0.0132      4.0000      100000      0.0042      0.0000      0.0000
      32.00       0.000      0.0132      4.0000      100000      0.0042      0.0000      0.0000
      32.25       0.000      0.0276      4.0000      100000      0.0042      0.0000      0.0000
      32.50       0.000      0.0276      4.0000      100000      0.0042      0.0000      0.0000
      32.75       0.000      0.0276      4.0000      100000      0.0042      0.0000      0.0000
      33.00       0.000      0.0276      4.0000      100000      0.0042      0.0000      0.0000
      33.25       0.000      0.0442      4.0000      100000      0.0042      0.0000      0.0000
      33.50       0.000      0.0442      4.0000      100000      0.0042      0.0000      0.0000
      33.75       0.000      0.0442      4.0000      100000      0.0042      0.0000      0.0000
      34.00       0.000      0.0442      4.0000      100000      0.0042      0.0000      0.0000
      34.25       0.000      0.0600      4.0000      100000      0.0042      0.0000      0.0000
      34.50       0.000      0.0600      4.0000      100000      0.0042      0.0000      0.0000
      34.75       0.000      0.0600      4.0000      100000      0.0042      0.0000      0.0000
      35.00       0.000      0.0600      4.0000      100000      0.0042      0.0000      0.0000
      35.25       0.000      0.0724      4.0000      100000      0.0042      0.0000      0.0000
      35.50       0.000      0.0724      4.0000      100000      0.0042      0.0000      0.0000
      35.75       0.000      0.0724      4.0000      100000      0.0042      0.0000      0.0000
      36.00       0.000      0.0724      4.0000      100000      0.0042      0.0000      0.0000
      36.25       0.000      0.0791      4.0000      100000      0.0042      0.0000      0.0000
      36.50       0.000      0.0791      4.0000      100000      0.0042      0.0000      0.0000
      36.75       0.000      0.0791      4.0000      100000      0.0042      0.0000      0.0000
      37.00       0.000      0.0791      4.0000      100000      0.0042      0.0000      0.0000
      37.25       0.000      0.0791      4.0000      100000      0.0042      0.0000      0.0000
      37.50       0.000      0.0791      4.0000      100000      0.0042      0.0000      0.0000
      37.75       0.000      0.0791      4.0000      100000      0.0042      0.0000      0.0000
      38.00       0.000      0.0791      4.0000      100000      0.0042      0.0000      0.0000
      38.25       0.000      0.0724      4.0000      100000      0.0042      0.0000      0.0000
      38.50       0.000      0.0724      4.0000      100000      0.0042      0.0000      0.0000
      38.75       0.000      0.0724      4.0000      100000      0.0042      0.0000      0.0000
      39.00       0.000      0.0724      4.0000      100000      0.0042      0.0000      0.0000
      39.25       0.000      0.0600      4.0000      100000      0.0042      0.0000      0.0000
      39.50       0.000      0.0600      4.0000      100000      0.0042      0.0000      0.0000
      39.75       0.000      0.0600      4.0000      100000      0.0042      0.0000      0.0000
      40.00       0.000      0.0600      4.0000      100000      0.0042      0.0000      0.0000
      40.25       0.000      0.0442      4.0000      100000      0.0042      0.0000      0.0000
      40.50       0.000      0.0442      4.0000      100000      0.0042      0.0000      0.0000
      40.75       0.000      0.0442      4.0000      100000      0.0042      0.0000      0.0000
      41.00       0.000      0.0442      4.0000      100000      0.0042      0.0000      0.0000
      41.25       0.000      0.0276      4.0000      100000      0.0042      0.0000      0.0000
      41.50       0.000      0.0276      4.0000      100000      0.0042      0.0000      0.0000
      41.75       0.000      0.0276      4.0000      100000      0.0042      0.0000      0.0000
      42.00       0.000      0.0276      4.0000      100000      0.0042      0.0000      0.0000
      42.25       0.000      0.0132      4.0000      100000      0.0042      0.0000      0.0000
      42.50       0.000      0.0132      4.0000      100000      0.0042      0.0000      0.0000
      42.75       0.000      0.0132      4.0000      100000      0.0042      0.0000      0.0000
      43.00       0.000      0.0132      4.0000      100000      0.0042      0.0000      0.0000
      43.25       0.000      0.0035      4.0000      100000      0.0042      0.0000      0.0000
      43.50       0.000      0.0035      4.0000      100000      0.0042      0.0000      0.0000
      43.75       0.000      0.0035      4.0000      100000      0.0042      0.0000      0.0000
      44.00       0.000      0.0035      4.0000      100000      0.0042      0.0000      0.0000
      44.25       0.000      0.0000      4.0000      100000      0.0042      0.0000      0.0000
      44.50       0.000      0.0000      4.0000      100000      0.0042      0.0000      0.0000
      44.75       0.000      0.0000      4.0000      100000      0.0042      0.0000      0.0000
      45.00       0.000      0.0000      4.0000      100000      0.0042      0.0000      0.0000
      45.25       0.000      0.0000      4.0000      100000      0.0042      0.0000      0.0000
      45.50       0.000      0.0000      4.0000      100000      0.0042      0.0000      0.0000
      45.75       0.000      0.0000      4.0000      100000      0.0042      0.0000      0.0000
      46.00       0.000      0.0000      4.0000      100000      0.0042      0.0000      0.0000
      46.25       0.000      0.0000      4.0000      100000      0.0042      0.0000      0.0000
      46.50       0.000      0.0000      4.0000      100000      0.0042      0.0000      0.0000
      46.75       0.000      0.0000      4.0000      100000      0.0042      0.0000      0.0000
      47.00       0.000      0.0000      4.0000      100000      0.0042      0.0000      0.0000
      47.25       0.000      0.0000      4.0000      100000      0.0042      0.0000      0.0000
      47.50       0.000      0.0000      4.0000      100000      0.0042      0.0000      0.0000
      47.75       0.000      0.0000      4.0000      100000      0.0042      0.0000      0.0000
      48.00       0.000      0.0000      4.0000      100000      0.0042      0.0000      0.0000
      48.25       0.000      0.0000      4.0000      100000      0.0042      0.0000      0.0000
      48.50       0.000      0.0000      4.0000      100000      0.0042      0.0000      0.0000
      48.75       0.000      0.0000      4.0000      100000      0.0042      0.0000      0.0000
      49.00       0.000      0.0000      4.0000      100000      0.0042      0.0000      0.0000
      49.25       0.000      0.0000      4.0000      100000      0.0042      0.0000      0.0000
      49.50       0.000      0.0000      4.0000      100000      0.0042      0.0000      0.0000
      49.75       0.000      0.0000      4.0000      100000      0.0042      0.0000      0.0000
      50.00       0.000      0.0000      4.0000      100000      0.0042      0.0000      0.0000
      50.25       0.000      0.0000      4.0000      100000      0.0042      0.0000      0.0000
      50.50       0.000      0.0000      4.0000      100000      0.0042      0.0000      0.0000
      50.75       0.000      0.0000      4.0000      100000      0.0042      0.0000      0.0000
      51.00       0.000      0.0000      4.0000      100000      0.0042      0.0000      0.0000
      51.25       0.000      0.0000      4.0000      100000      0.0042      0.0000      0.0000
      51.50       0.000      0.0000      4.0000      100000      0.0042      0.0000      0.0000
      51.75       0.000      0.0000      4.0000      100000      0.0042      0.0000      0.0000
      52.00       0.000      0.0000      4.0000      100000      0.0042      0.0000      0.0000
      52.25       0.000      0.0000      4.0000      100000      0.0042      0.0000      0.0000
      52.50       0.000      0.0000      4.0000      100000      0.0042      0.0000      0.0000
      52.75       0.000      0.0000      4.0000      100000      0.0042      0.0000      0.0000
      53.00       0.000      0.0000      4.0000      100000      0.0042      0.0000      0.0000
      53.25       0.000      0.0000      4.0000      100000      0.0042      0.0000      0.0000
      53.50       0.000      0.0000      4.0000      100000      0.0042      0.0000      0.0000
      53.75       0.000      0.0000      4.0000      100000      0.0042      0.0000      0.0000
      54.00       0.000      0.0000      4.0000      100000      0.0042      0.0000      0.0000
      54.25       0.000      0.0035      4.0000      100000      0.0042      0.0000      0.0000
      54.50       0.000      0.0035      4.0000      100000      0.0042      0.0000      0.0000
      54.75       0.000      0.0035      4.0000      100000      0.0042      0.0000      0.0000
      55.00       0.000      0.0035      4.0000      100000      0.0042      0.0000      0.0000
      55.25       0.000      0.0132      4.0000      100000      0.0042      0.0000      0.0000
      55.50       0.000      0.0132      4.0000      100000      0.0042      0.0000      0.0000
      55.75       0.000      0.0132      4.0000      100000      0.0042      0.0000      0.0000
      56.00       0.000      0.0132      4.0000      100000      0.0042      0.0000      0.0000
      56.25       0.000      0.0276      4.0000      100000      0.0042      0.0000      0.0000
      56.50       0.000      0.0276      4.0000      100000      0.0042      0.0000      0.0000
      56.75       0.000      0.0276      4.0000      100000      0.0042      0.0000      0.0000
      57.00       0.000      0.0276      4.0000      100000      0.0042      0.0000      0.0000
      57.25       0.000      0.0442      4.0000      100000      0.0042      0.0000      0.0000
      57.50       0.000      0.0442      4.0000      100000      0.0042      0.0000      0.0000
      57.75       0.000      0.0442      4.0000      100000      0.0042      0.0000      0.0000
      58.00       0.000      0.0442      4.0000      100000      0.0042      0.0000      0.0000
      58.25       0.000      0.0600      4.0000      100000      0.0042      0.0000      0.0000
      58.50       0.000      0.0600      4.0000      100000      0.0042      0.0000      0.0000
      58.75       0.000      0.0600      4.0000      100000      0.0042      0.0000      0.0000
      59.00       0.000      0.0600      4.0000      100000      0.0042      0.0000      0.0000
      59.25       0.000      0.0724      4.0000      100000      0.0042      0.0000      0.0000
      59.50       0.000      0.0724      4.0000      100000      0.0042      0.0000      0.0000
      59.75       0.000      0.0724      4.0000      100000      0.0042      0.0000      0.0000
      60.00       0.000      0.0724      4.0000      100000      0.0042      0.0000      0.0000
      60.25       0.000      0.0791      4.0000      100000      0.0042      0.0000      0.0000
      60.50       0.000      0.0791      4.0000      100000      0.0042      0.0000      0.0000
      60.75       0.000      0.0791      4.0000      100000      0.0042      0.0000      0.0000
      61.00       0.000      0.0791      4.0000      100000      0.0042      0.0000      0.0000
      61.25       0.000      0.0791      4.0000      100000      0.0042      0.0000      0.0000
      61.50       0.000      0.0791      4.0000      100000      0.0042      0.0000      0.0000
      61.75       0.000      0.0791      4.0000      100000      0.0042      0.0000      0.0000
      62.00       0.000      0.0791      4.0000      100000      0.0042      0.0000      0.0000
      62.25       0.000      0.0724      4.0000      100000      0.0042      0.0000      0.0000
      62.50       0.000      0.0724      4.0000      100000      0.0042      0.0000      0.0000
      62.75       0.000      0.0724      4.0000      100000      0.0042      0.0000      0.0000
      63.00       0.000      0.0724      4.0000      100000      0.0042      0.0000      0.0000
      63.25       0.000      0.0600      4.0000      100000      0.0042      0.0000      0.0000
      63.50       0.000      0.0600      4.0000      100000      0.0042      0.0000      0.0000
      63.75       0.000      0.0600      4.0000      100000      0.0042      0.0000      0.0000
      64.00       0.000      0.0600      4.0000      100000      0.0042      0.0000      0.0000
      64.25       0.000      0.0442      4.0000      100000      0.0042      0.0000      0.0000
      64.50       0.000      0.0442      4.0000      100000      0.0042      0.0000      0.0000
      64.75       0.000      0.0442      4.0000      100000      0.0042      0.0000      0.0000
      65.00       0.000      0.0442      4.0000      100000      0.0042      0.0000      0.0000
      65.25       0.000      0.0276      4.0000      100000      0.0042      0.0000      0.0000
      65.50       0.000      0.0276      4.0000      100000      0.0042      0.0000      0.0000
      65.75       0.000      0.0276      4.0000      100000      0.0042      0.0000      0.0000
      66.00       0.000      0.0276      4.0000      100000      0.0042      0.0000      0.0000
      66.25       0.000      0.0132      4.0000      100000      0.0042      0.0000      0.0000
      66.50       0.000      0.0132      4.0000      100000      0.0042      0.0000      0.0000
      66.75       0.000      0.0132      4.0000      100000      0.0042      0.0000      0.0000
      67.00       0.000      0.0132      4.0000      100000      0.0042      0.0000      0.0000
      67.25       0.000      0.0035      4.0000      100000      0.0042      0.0000      0.0000
      67.50       0.000      0.0035      4.0000      100000      0.0042      0.0000      0.0000
      67.75       0.000      0.0035      4.0000      100000      0.0042      0.0000      0.0000
      68.00       0.000      0.0035      4.0000      100000      0.0042      0.0000      0.0000
      68.25       0.000      0.0000      4.0000      100000      0.0042      0.0000      0.0000
      68.50       0.000      0.0000      4.0000      100000      0.0042      0.0000      0.0000
      68.75       0.000      0.0000      4.0000      100000      0.0042      0.0000      0.0000
      69.00       0.000      0.0000      4.0000      100000      0.0042      0.0000      0.0000
      69.25       0.000      0.0000      4.0000      100000      0.0042      0.0000      0.0000
      69.50       0.000      0.0000      4.0000      100000      0.0042      0.0000      0.0000
      69.75       0.000      0.0000      4.0000      100000      0.0042      0.0000      0.0000
      70.00       0.000      0.0000      4.0000      100000      0.0042      0.0000      0.0000
      70.25       0.000      0.0000      4.0000      100000      0.0042      0.0000      0.0000
      70.50       0.000      0.0000      4.0000      100000      0.0042      0.0000      0.0000
      70.75       0.000      0.0000      4.0000      100000      0.0042      0.0000      0.0000
      71.00       0.000      0.0000      4.0000      100000      0.0042      0.0000      0.0000
      71.25       0.000      0.0000      4.0000      100000      0.0042      0.0000      0.0000
      71.50       0.000      0.0000      4.0000      100000      0.0042      0.0000      0.0000
      71.75       0.000      0.0000      4.0000      100000      0.0042      0.0000      0.0000
      72.00       0.000      0.0000      4.0000      100000      0.0042      0.0000      0.0000
      72.25       0.000      0.0000      4.0000      100000      0.0042      0.0000      0.0000
      72.50       0.000      0.0000      4.0000      100000      0.0042      0.0000      0.0000
      72.75       0.000      0.0000      4.0000      100000      0.0042      0.0000      0.0000
      73.00       0.000      0.0000      4.0000      100000      0.0042      0.0000      0.0000
      73.25       0.000      0.0000      4.0000      100000      0.0042      0.0000      0.0000
      73.50       0.000      0.0000      4.0000      100000      0.0042      0.0000      0.0000
      73.75       0.000      0.0000      4.0000      100000      0.0042      0.0000      0.0000
      74.00       0.000      0.0000      4.0000      100000      0.0042      0.0000      0.0000
      74.25       0.000      0.0000      4.0000      100000      0.0042      0.0000      0.0000
      74.50       0.000      0.0000      4.0000      100000      0.0042      0.0000      0.0000
      74.75       0.000      0.0000      4.0000      100000      0.0042      0.0000      0.0000
      75.00       0.000      0.0000      4.0000      100000      0.0042      0.0000      0.0000
      75.25       0.000      0.0000      4.0000      100000      0.0042      0.0000      0.0000
      75.50       0.000      0.0000      4.0000      100000      0.0042      0.0000      0.0000
      75.75       0.000      0.0000      4.0000      100000      0.0042      0.0000      0.0000
      76.00       0.000      0.0000      4.0000      100000      0.0042      0.0000      0.0000
      76.25       0.000      0.0000      4.0000      100000      0.0042      0.0000      0.0000
      76.50       0.000      0.0000      4.0000      100000      0.0042      0.0000      0.0000
      76.75       0.000      0.0000      4.0000      100000      0.0042      0.0000      0.0000
      77.00       0.000      0.0000      4.0000      100000      0.0042      0.0000      0.0000
      77.25       0.000      0.0000      4.0000      100000      0.0042      0.0000      0.0000
      77.50       0.000      0.0000      4.0000      100000      0.0042      0.0000      0.0000
      77.75       0.000      0.0000      4.0000      100000      0.0042      0.0000      0.0000
      78.00       0.000      0.0000      4.0000      100000      0.0042      0.0000      0.0000
      78.25       0.000      0.0035      4.0000      100000      0.0042      0.0000      0.0000
      78.50       0.000      0.0035      4.0000      100000      0.0042      0.0000      0.0000
      78.75       0.000      0.0035      4.0000      100000      0.0042      0.0000      0.0000
      79.00       0.000      0.0035      4.0000      100000      0.0042      0.0000      0.0000
      79.25       0.000      0.0132      4.0000      100000      0.0042      0.0000      0.0000
      79.50       0.000      0.0132      4.0000      100000      0.0042      0.0000      0.0000
      79.75       0.000      0.0132      4.0000      100000      0.0042      0.0000      0.0000
      80.00       0.000      0.0132      4.0000      100000      0.0042      0.0000      0.0000
      80.25       0.000      0.0276      4.0000      100000      0.0042      0.0000      0.0000
      80.50       0.000      0.0276      4.0000      100000      0.0042      0.0000      0.0000
      80.75       0.000      0.0276      4.0000      100000      0.0042      0.0000      0.0000
      81.00       0.000      0.0276      4.0000      100000      0.0042      0.0000      0.0000
      81.25       0.000      0.0442      4.0000      100000      0.0042      0.0000      0.0000
      81.50       0.000      0.0442      4.0000      100000      0.0042      0.0000      0.0000
      81.75       0.000      0.0442      4.0000      100000      0.0042      0.0000      0.0000
      82.00       0.000      0.0442      4.0000      100000      0.0042      0.0000      0.0000
      82.25       0.000      0.0600      4.0000      100000      0.0042      0.0000      0.0000
      82.50       0.000      0.0600      4.0000      100000      0.0042      0.0000      0.0000
      82.75       0.000      0.0600      4.0000      100000      0.0042      0.0000      0.0000
      83.00       0.000      0.0600      4.0000      100000      0.0042      0.0000      0.0000
      83.25       0.000      0.0724      4.0000      100000      0.0042      0.0000      0.0000
      83.50       0.000      0.0724      4.0000      100000      0.0042      0.0000      0.0000
      83.75       0.000      0.0724      4.0000      100000      0.0042      0.0000      0.0000
      84.00       0.000      0.0724      4.0000      100000      0.0042      0.0000      0.0000
      84.25       0.000      0.0791      4.0000      100000      0.0042      0.0000      0.0000
      84.50       0.000      0.0791      4.0000      100000      0.0042      0.0000      0.0000
      84.75       0.000      0.0791      4.0000      100000      0.0042      0.0000      0.0000
      85.00       0.000      0.0791      4.0000      100000      0.0042      0.0000      0.0000
      85.25       0.000      0.0791      4.0000      100000      0.0042      0.0000      0.0000
      85.50       0.000      0.0791      4.0000      100000      0.0042      0.0000      0.0000
      85.75       0.000      0.0791      4.0000      100000      0.0042      0.0000      0.0000
      86.00       0.000      0.0791      4.0000      100000      0.0042      0.0000      0.0000
      86.25       0.000      0.0724      4.0000      100000      0.0042      0.0000      0.0000
      86.50       0.000      0.0724      4.0000      100000      0.0042      0.0000      0.0000
      86.75       0.000      0.0724      4.0000      100000      0.0042      0.0000      0.0000
      87.00       0.000      0.0724      4.0000      100000      0.0042      0.0000      0.0000
      87.25       0.000      0.0600      4.0000      100000      0.0042      0.0000      0.0000
      87.50       0.000      0.0600      4.0000      100000      0.0042      0.0000      0.0000
      87.75       0.000      0.0600      4.0000      100000      0.0042      0.0000      0.0000
      88.00       0.000      0.0600      4.0000      100000      0.0042      0.0000      0.0000
      88.25       0.000      0.0442      4.0000      100000      0.0042      0.0000      0.0000
      88.50       0.000      0.0442      4.0000      100000      0.0042      0.0000      0.0000
      88.75       0.000      0.0442      4.0000      100000      0.0042      0.0000      0.0000
      89.00       0.000      0.0442      4.0000      100000      0.0042      0.0000      0.0000
      89.25       0.000      0.0276      4.0000      100000      0.0042      0.0000      0.0000
      89.50       0.000      0.0276      4.0000      100000      0.0042      0.0000      0.0000
      89.75       0.000      0.0276      4.0000      100000      0.0042      0.0000      0.0000
      90.00       0.000      0.0276      4.0000      100000      0.0042      0.0000      0.0000
      90.25       0.000      0.0132      4.0000      100000      0.0042      0.0000      0.0000
      90.50       0.000      0.0132      4.0000      100000      0.0042      0.0000      0.0000
      90.75       0.000      0.0132      4.0000      100000      0.0042      0.0000      0.0000
      91.00       0.000      0.0132      4.0000      100000      0.0042      0.0000      0.0000
      91.25       0.000      0.0035      4.0000      100000      0.0042      0.0000      0.0000
      91.50       0.000      0.0035      4.0000      100000      0.0042      0.0000      0.0000
      91.75       0.000      0.0035      4.0000      100000      0.0042      0.0000      0.0000
      92.00       0.000      0.0035      4.0000      100000      0.0042      0.0000      0.0000
      92.25       0.000      0.0000      4.0000      100000      0.0042      0.0000      0.0000
      92.50       0.000      0.0000      4.0000      100000      0.0042      0.0000      0.0000
      92.75       0.000      0.0000      4.0000      100000      0.0042      0.0000      0.0000
      93.00       0.000      0.0000      4.0000      100000      0.0042      0.0000      0.0000
      93.25       0.000      0.0000      4.0000      100000      0.0042      0.0000      0.0000
      93.50       0.000      0.0000      4.0000      100000      0.0042      0.0000      0.0000
      93.75       0.000      0.0000      4.0000      100000      0.0042      0.0000      0.0000
      94.00       0.000      0.0000      4.0000      100000      0.0042      0.0000      0.0000
      94.25       0.000      0.0000      4.0000      100000      0.0042      0.0000      0.0000
      94.50       0.000      0.0000      4.0000      100000      0.0042      0.0000      0.0000
      94.75       0.000      0.0000      4.0000      100000      0.0042      0.0000      0.0000
      95.00       0.000      0.0000      4.0000      100000      0.0042      0.0000      0.0000
      95.25       0.000      0.0000      4.0000      100000      0.0042      0.0000      0.0000
      95.50       0.000      0.0000      4.0000      100000      0.0042      0.0000      0.0000
      95.75       0.000      0.0000      4.0000      100000      0.0042      0.0000      0.0000
      96.00       0.000      0.0000      4.0000      100000      0.0042      0.0000      0.0000
      96.25       0.000      0.0000      4.0000      100000      0.0042      0.0000      0.0000
      96.50       0.000      0.0000      4.0000      100000      0.0042      0.0000      0.0000
      96.75       0.000      0.0000      4.0000      100000      0.0042      0.0000      0.0000
      97.00       0.000      0.0000      4.0000      100000      0.0042      0.0000      0.0000
      97.25       0.000      0.0000      4.0000      100000      0.0042      0.0000      0.0000
      97.50       0.000      0.0000      4.0000      100000      0.0042      0.0000      0.0000
      97.75       0.000      0.0000      4.0000      100000      0.0042      0.0000      0.0000
      98.00       0.000      0.0000      4.0000      100000      0.0042      0.0000      0.0000
      98.25       0.000      0.0000      4.0000      100000      0.0042      0.0000      0.0000
      98.50       0.000      0.0000      4.0000      100000      0.0042      0.0000      0.0000
      98.75       0.000      0.0000      4.0000      100000      0.0042      0.0000      0.0000
      99.00       0.000      0.0000      4.0000      100000      0.0042      0.0000      0.0000
      99.25       0.000      0.0000      4.0000      100000      0.0042      0.0000      0.0000
      99.50       0.000      0.0000      4.0000      100000      0.0042      0.0000      0.0000
      99.75       0.000      0.0000      4.0000      100000      0.0042      0.0000      0.0000
     100.00       0.000      0.0000      4.0000      100000      0.0042      0.0000      0.0000
     100.25       0.000      0.0000      4.0000      100000      0.0042      0.0000      0.0000
     100.50       0.000      0.0000      4.0000      100000      0.0042      0.0000      0.0000
     100.75       0.000      0.0000      4.0000      100000      0.0042      0.0000      0.0000
     101.00       0.000      0.0000      4.0000      100000      0.0042      0.0000      0.0000
     101.25       0.000      0.0000      4.0000      100000      0.0042      0.0000      0.0000
     101.50       0.000      0.0000      4.0000      100000      0.0042      0.0000      0.0000
     101.75       0.000      0.0000      4.0000      100000      0.0042      0.0000      0.0000
     102.00       0.000      0.0000      4.0000      100000      0.0042      0.0000      0.0000
     102.25       0.000      0.0035      4.0000      100000      0.0042      0.0000      0.0000
     102.50       0.000      0.0035      4.0000      100000      0.0042      0.0000      0.0000
     102.75       0.000      0.0035      4.0000      100000      0.0042      0.0000      0.0000
     103.00       0.000      0.0035      4.0000      100000      0.0042      0.0000      0.0000
     103.25       0.000      0.0132      4.0000      100000      0.0042      0.0000      0.0000
     103.50       0.000      0.0132      4.0000      100000      0.0042      0.0000      0.0000
     103.75       0.000      0.0132      4.0000      100000      0.0042      0.0000      0.0000
     104.00       0.000      0.0132      4.0000      100000      0.0042      0.0000      0.0000
     104.25       0.000      0.0276      4.0000      100000      0.0042      0.0000      0.0000
     104.50       0.000      0.0276      4.0000      100000      0.0042      0.0000      0.0000
     104.75       0.000      0.0276      4.0000      100000      0.0042      0.0000      0.0000
     105.00       0.000      0.0276      4.0000      100000      0.0042      0.0000      0.0000
     105.25       0.000      0.0442      4.0000      100000      0.0042      0.0000      0.0000
     105.50       0.000      0.0442      4.0000      100000      0.0042      0.0000      0.0000
     105.75       0.000      0.0442      4.0000      100000      0.0042      0.0000      0.0000
     106.00       0.000      0.0442      4.0000      100000      0.0042      0.0000      0.0000
     106.25       0.000      0.0600      4.0000      100000      0.0042      0.0000      0.0000
     106.50       0.000      0.0600      4.0000      100000      0.0042      0.0000      0.0000
     106.75       0.000      0.0600      4.0000      100000      0.0042      0.0000      0.0000
     107.00       0.000      0.0600      4.0000      100000      0.0042      0.0000      0.0000
     107.25       0.000      0.0724      4.0000      100000      0.0042      0.0000      0.0000
     107.50       0.000      0.0724      4.0000      100000      0.0042      0.0000      0.0000
     107.75       0.000      0.0724      4.0000      100000      0.0042      0.0000      0.0000
     108.00       0.000      0.0724      4.0000      100000      0.0042      0.0000      0.0000
     108.25       0.000      0.0791      4.0000      100000      0.0042      0.0000      0.0000
     108.50       0.000      0.0791      4.0000      100000      0.0042      0.0000      0.0000
     108.75       0.000      0.0791      4.0000      100000      0.0042      0.0000      0.0000
     109.00       0.000      0.0791      4.0000      100000      0.0042      0.0000      0.0000
     109.25       0.000      0.0791      4.0000      100000      0.0042      0.0000      0.0000
     109.50       0.000      0.0791      4.0000      100000      0.0042      0.0000      0.0000
     109.75       0.000      0.0791      4.0000      100000      0.0042      0.0000      0.0000
     110.00       0.000      0.0791      4.0000      100000      0.0042      0.0000      0.0000
     110.25       0.000      0.0724      4.0000      100000      0.0042      0.0000      0.0000
     110.50       0.000      0.0724      4.0000      100000      0.0042      0.0000      0.0000
     110.75       0.000      0.0724      4.0000      100000      0.0042      0.0000      0.0000
     111.00       0.000      0.0724      4.0000      100000      0.0042      0.0000      0.0000
     111.25       0.000      0.0600      4.0000      100000      0.0042      0.0000      0.0000
     111.50       0.000      0.0600      4.0000      100000      0.0042      0.0000      0.0000
     111.75       0.000      0.0600      4.0000      100000      0.0042      0.0000      0.0000
     112.00       0.000      0.0600      4.0000      100000      0.0042      0.0000      0.0000
     112.25       0.000      0.0442      4.0000      100000      0.0042      0.0000      0.0000
     112.50       0.000      0.0442      4.0000      100000      0.0042      0.0000      0.0000
     112.75       0.000      0.0442      4.0000      100000      0.0042      0.0000      0.0000
     113.00       0.000      0.0442      4.0000      100000      0.0042      0.0000      0.0000
     113.25       0.000      0.0276      4.0000      100000      0.0042      0.0000      0.0000
     113.50       0.000      0.0276      4.0000      100000      0.0042      0.0000      0.0000
     113.75       0.000      0.0276      4.0000      100000      0.0042      0.0000      0.0000
     114.00       0.000      0.0276      4.0000      100000      0.0042      0.0000      0.0000
     114.25       0.000      0.0132      4.0000      100000      0.0042      0.0000      0.0000
     114.50       0.000      0.0132      4.0000      100000      0.0042      0.0000      0.0000
     114.75       0.000      0.0132      4.0000      100000      0.0042      0.0000      0.0000
     115.00       0.000      0.0132      4.0000      100000      0.0042      0.0000      0.0000
     115.25       0.000      0.0035      4.0000      100000      0.0042      0.0000      0.0000
     115.50       0.000      0.0035      4.0000      100000      0.0042      0.0000      0.0000
     115.75       0.000      0.0035      4.0000      100000      0.0042      0.0000      0.0000
     116.00       0.000      0.0035      4.0000      100000      0.0042      0.0000      0.0000
     116.25       0.000      0.0000      4.0000      100000      0.0042      0.0000      0.0000
     116.50       0.000      0.0000      4.0000      100000      0.0042      0.0000      0.0000
     116.75       0.000      0.0000      4.0000      100000      0.0042      0.0000      0.0000
     117.00       0.000      0.0000      4.0000      100000      0.0042      0.0000      0.0000
     117.25       0.000      0.0000      4.0000      100000      0.0042      0.0000      0.0000
     117.50       0.000      0.0000      4.0000      100000      0.0042      0.0000      0.0000
     117.75       0.000      0.0000      4.0000      100000      0.0042      0.0000      0.0000
     118.00       0.000      0.0000      4.0000      100000      0.0042      0.0000      0.0000
     118.25       0.000      0.0000      4.0000      100000      0.0042      0.0000      0.0000
     118.50       0.000      0.0000      4.0000      100000      0.0042      0.0000      0.0000
     118.75       0.000      0.0000      4.0000      100000      0.0042      0.0000      0.0000
     119.00       0.000      0.0000      4.0000      100000      0.0042      0.0000      0.0000
     119.25       0.000      0.0000      4.0000      100000      0.0042      0.0000      0.0000
     119.50       0.000      0.0000      4.0000      100000      0.0042      0.0000      0.0000
     119.75       0.000      0.0000      4.0000      100000      0.0042      0.0000      0.0000
     120.00       0.000      0.0000      4.0000      100000      0.0042      0.0000      0.0000
     120.25       0.000      0.0000      4.0000      100000      0.0042      0.0000      0.0000
     120.50       0.000      0.0000      4.0000      100000      0.0042      0.0000      0.0000
     120.75       0.000      0.0000      4.0000      100000      0.0042      0.0000      0.0000
     121.00       0.000      0.0000      4.0000      100000      0.0042      0.0000      0.0000
     121.25       0.000      0.0000      4.0000      100000      0.0042      0.0000      0.0000
     121.50       0.000      0.0000      4.0000      100000      0.0042      0.0000      0.0000
     121.75       0.000      0.0000      4.0000      100000      0.0042      0.0000      0.0000
     122.00       0.000      0.0000      4.0000      100000      0.0042      0.0000      0.0000
     122.25       0.000      0.0000      4.0000      100000      0.0042      0.0000      0.0000
     122.50       0.000      0.0000      4.0000      100000      0.0042      0.0000      0.0000
     122.75       0.000      0.0000      4.0000      100000      0.0042      0.0000      0.0000
     123.00       0.000      0.0000      4.0000      100000      0.0042      0.0000      0.0000
     123.25       0.000      0.0000      4.0000      100000      0.0042      0.0000      0.0000
     123.50       0.000      0.0000      4.0000      100000      0.0042      0.0000      0.0000
     123.75       0.000      0.0000      4.0000      100000      0.0042      0.0000      0.0000
     124.00       0.000      0.0000      4.0000      100000      0.0042      0.0000      0.0000
     124.25       0.000      0.0000      4.0000      100000      0.0042      0.0000      0.0000
     124.50       0.000      0.0000      4.0000      100000      0.0042      0.0000      0.0000
     124.75       0.000      0.0000      4.0000      100000      0.0042      0.0000      0.0000
     125.00       0.000      0.0000      4.0000      100000      0.0042      0.0000      0.0000
     125.25       0.000      0.0000      4.0000      100000      0.0042      0.0000      0.0000
     125.50       0.000      0.0000      4.0000      100000      0.0042      0.0000      0.0000
     125.75       0.000      0.0000      4.0000      100000      0.0042      0.0000      0.0000
     126.00       0.000      0.0000      4.0000      100000      0.0042      0.0000      0.0000
     126.25       0.000      0.0035      4.0000      100000      0.0042      0.0000      0.0000
     126.50       0.000      0.0035      4.0000      100000      0.0042      0.0000      0.0000
     126.75       0.000      0.0035      4.0000      100000      0.0042      0.0000      0.0000
     127.00       0.000      0.0035      4.0000      100000      0.0042      0.0000      0.0000
     127.25       0.000      0.0132      4.0000      100000      0.0042      0.0000      0.0000
     127.50       0.000      0.0132      4.0000      100000      0.0042      0.0000      0.0000
     127.75       0.000      0.0132      4.0000      100000      0.0042      0.0000      0.0000
     128.00       0.000      0.0132      4.0000      100000      0.0042      0.0000      0.0000
     128.25       0.000      0.0276      4.0000      100000      0.0042      0.0000      0.0000
     128.50       0.000      0.0276      4.0000      100000      0.0042      0.0000      0.0000
     128.75       0.000      0.0276      4.0000      100000      0.0042      0.0000      0.0000
     129.00       0.000      0.0276      4.0000      100000      0.0042      0.0000      0.0000
     129.25       0.000      0.0442      4.0000      100000      0.0042      0.0000      0.0000
     129.50       0.000      0.0442      4.0000      100000      0.0042      0.0000      0.0000
     129.75       0.000      0.0442      4.0000      100000      0.0042      0.0000      0.0000
     130.00       0.000      0.0442      4.0000      100000      0.0042      0.0000      0.0000
     130.25       0.000      0.0600      4.0000      100000      0.0042      0.0000      0.0000
     130.50       0.000      0.0600      4.0000      100000      0.0042      0.0000      0.0000
     130.75       0.000      0.0600      4.0000      100000      0.0042      0.0000      0.0000
     131.00       0.000      0.0600      4.0000      100000      0.0042      0.0000      0.0000
     131.25       0.000      0.0724      4.0000      100000      0.0042      0.0000      0.0000
     131.50       0.000      0.0724      4.0000      100000      0.0042      0.0000      0.0000
     131.75       0.000      0.0724      4.0000      100000      0.0042      0.0000      0.0000
     132.00       0.000      0.0724      4.0000      100000      0.0042      0.0000      0.0000
     132.25       0.000      0.0791      4.0000      100000      0.0042      0.0000      0.0000
     132.50       0.000      0.0791      4.0000      100000      0.0042      0.0000      0.0000
     132.75       0.000      0.0791      4.0000      100000      0.0042      0.0000      0.0000
     133.00       0.000      0.0791      4.0000      100000      0.0042      0.0000      0.0000
     133.25       0.000      0.0791      4.0000      100000      0.0042      0.0000      0.0000
     133.50       0.000      0.0791      4.0000      100000      0.0042      0.0000      0.0000
     133.75       0.000      0.0791      4.0000      100000      0.0042      0.0000      0.0000
     134.00       0.000      0.0791      4.0000      100000      0.0042      0.0000      0.0000
     134.25       0.000      0.0724      4.0000      100000      0.0042      0.0000      0.0000
     134.50       0.000      0.0724      4.0000      100000      0.0042      0.0000      0.0000
     134.75       0.000      0.0724      4.0000      100000      0.0042      0.0000      0.0000
     135.00       0.000      0.0724      4.0000      100000      0.0042      0.0000      0.0000
     135.25       0.000      0.0600      4.0000      100000      0.0042      0.0000      0.0000
     135.50       0.000      0.0600      4.0000      100000      0.0042      0.0000      0.0000
     135.75       0.000      0.0600      4.0000      100000      0.0042      0.0000      0.0000
     136.00       0.000      0.0600      4.0000      100000      0.0042      0.0000      0.0000
     136.25       0.000      0.0442      4.0000      100000      0.0042      0.0000      0.0000
     136.50       0.000      0.0442      4.0000      100000      0.0042      0.0000      0.0000
     136.75       0.000      0.0442      4.0000      100000      0.0042      0.0000      0.0000
     137.00       0.000      0.0442      4.0000      100000      0.0042      0.0000      0.0000
     137.25       0.000      0.0276      4.0000      100000      0.0042      0.0000      0.0000
     137.50       0.000      0.0276      4.0000      100000      0.0042      0.0000      0.0000
     137.75       0.000      0.0276      4.0000      100000      0.0042      0.0000      0.0000
     138.00       0.000      0.0276      4.0000      100000      0.0042      0.0000      0.0000
     138.25       0.000      0.0132      4.0000      100000      0.0042      0.0000      0.0000
     138.50       0.000      0.0132      4.0000      100000      0.0042      0.0000      0.0000
     138.75       0.000      0.0132      4.0000      100000      0.0042      0.0000      0.0000
     139.00       0.000      0.0132      4.0000      100000      0.0042      0.0000      0.0000
     139.25       0.000      0.0035      4.0000      100000      0.0042      0.0000      0.0000
     139.50       0.000      0.0035      4.0000      100000      0.0042      0.0000      0.0000
     139.75       0.000      0.0035      4.0000      100000      0.0042      0.0000      0.0000
     140.00       0.000      0.0035      4.0000      100000      0.0042      0.0000      0.0000
     140.25       0.000      0.0000      4.0000      100000      0.0042      0.0000      0.0000
     140.50       0.000      0.0000      4.0000      100000      0.0042      0.0000      0.0000
     140.75       0.000      0.0000      4.0000      100000      0.0042      0.0000      0.0000
     141.00       0.000      0.0000      4.0000      100000      0.0042      0.0000      0.0000
     141.25       0.000      0.0000      4.0000      100000      0.0042      0.0000      0.0000
     141.50       0.000      0.0000      4.0000      100000      0.0042      0.0000      0.0000
     141.75       0.000      0.0000      4.0000      100000      0.0042      0.0000      0.0000
     142.00       0.000      0.0000      4.0000      100000      0.0042      0.0000      0.0000
     142.25       0.000      0.0000      4.0000      100000      0.0042      0.0000      0.0000
     142.50       0.000      0.0000      4.0000      100000      0.0042      0.0000      0.0000
     142.75       0.000      0.0000      4.0000      100000      0.0042      0.0000      0.0000
     143.00       0.000      0.0000      4.0000      100000      0.0042      0.0000      0.0000
     143.25       0.000      0.0000      4.0000      100000      0.0042      0.0000      0.0000
     143.50       0.000      0.0000      4.0000      100000      0.0042      0.0000      0.0000
     143.75       0.000      0.0000      4.0000      100000      0.0042      0.0000      0.0000
     144.00       0.000      0.0000      4.0000      100000      0.0042      0.0000      0.0000
     144.25       0.000      0.0000      4.0000      100000      0.0042      0.0000      0.0000
     144.50       0.000      0.0000      4.0000      100000      0.0042      0.0000      0.0000
     144.75       0.000      0.0000      4.0000      100000      0.0042      0.0000      0.0000
     145.00       0.000      0.0000      4.0000      100000      0.0042      0.0000      0.0000
     145.25       0.000      0.0000      4.0000      100000      0.0042      0.0000      0.0000
     145.50       0.000      0.0000      4.0000      100000      0.0042      0.0000      0.0000
     145.75       0.000      0.0000      4.0000      100000      0.0042      0.0000      0.0000
     146.00       0.000      0.0000      4.0000      100000      0.0042      0.0000      0.0000
     146.25       0.000      0.0000      4.0000      100000      0.0042      0.0000      0.0000
     146.50       0.000      0.0000      4.0000      100000      0.0042      0.0000      0.0000
     146.75       0.000      0.0000      4.0000      100000      0.0042      0.0000      0.0000
     147.00       0.000      0.0000      4.0000      100000      0.0042      0.0000      0.0000
     147.25       0.000      0.0000      4.0000      100000      0.0042      0.0000      0.0000
     147.50       0.000      0.0000      4.0000      100000      0.0042      0.0000      0.0000
     147.75       0.000      0.0000      4.0000      100000      0.0042      0.0000      0.0000
     148.00       0.000      0.0000      4.0000      100000      0.0042      0.0000      0.0000
     148.25       0.000      0.0000      4.0000      100000      0.0042      0.0000      0.0000
     148.50       0.000      0.0000      4.0000      100000      0.0042      0.0000      0.0000
     148.75       0.000      0.0000      4.0000      100000      0.0042      0.0000      0.0000
     149.00       0.000      0.0000      4.0000      100000      0.0042      0.0000      0.0000
     149.25       0.000      0.0000      4.0000      100000      0.0042      0.0000      0.0000
     149.50       0.000      0.0000      4.0000      100000      0.0042      0.0000      0.0000
     149.75       0.000      0.0000      4.0000      100000      0.0042      0.0000      0.0000
     150.00       0.000      0.0000      4.0000      100000      0.0042      0.0000      0.0000
     150.25       0.000      0.0035      4.0000      100000      0.0042      0.0000      0.0000
     150.50       0.000      0.0035      4.0000      100000      0.0042      0.0000      0.0000
     150.75       0.000      0.0035      4.0000      100000      0.0042      0.0000      0.0000
     151.00       0.000      0.0035      4.0000      100000      0.0042      0.0000      0.0000
     151.25       0.000      0.0132      4.0000      100000      0.0042      0.0000      0.0000
     151.50       0.000      0.0132      4.0000      100000      0.0042      0.0000      0.0000
     151.75       0.000      0.0132      4.0000      100000      0.0042      0.0000      0.0000
     152.00       0.000      0.0132      4.0000      100000      0.0042      0.0000      0.0000
     152.25       0.000      0.0276      4.0000      100000      0.0042      0.0000      0.0000
     152.50       0.000      0.0276      4.0000      100000      0.0042      0.0000      0.0000
     152.75       0.000      0.0276      4.0000      100000      0.0042      0.0000      0.0000
     153.00       0.000      0.0276      4.0000      100000      0.0042      0.0000      0.0000
     153.25       0.000      0.0442      4.0000      100000      0.0042      0.0000      0.0000
     153.50       0.000      0.0442      4.0000      100000      0.0042      0.0000      0.0000
     153.75       0.000      0.0442      4.0000      100000      0.0042      0.0000      0.0000
     154.00       0.000      0.0442      4.0000      100000      0.0042      0.0000      0.0000
     154.25       0.000      0.0600      4.0000      100000      0.0042      0.0000      0.0000
     154.50       0.000      0.0600      4.0000      100000      0.0042      0.0000      0.0000
     154.75       0.000      0.0600      4.0000      100000      0.0042      0.0000      0.0000
     155.00       0.000      0.0600      4.0000      100000      0.0042      0.0000      0.0000
     155.25       0.000      0.0724      4.0000      100000      0.0042      0.0000      0.0000
     155.50       0.000      0.0724      4.0000      100000      0.0042      0.0000      0.0000
     155.75       0.000      0.0724      4.0000      100000      0.0042      0.0000      0.0000
     156.00       0.000      0.0724      4.0000      100000      0.0042      0.0000      0.0000
     156.25       0.000      0.0791      4.0000      100000      0.0042      0.0000      0.0000
     156.50       0.000      0.0791      4.0000      100000      0.0042      0.0000      0.0000
     156.75       0.000      0.0791      4.0000      100000      0.0042      0.0000      0.0000
     157.00       0.000      0.0791      4.0000      100000      0.0042      0.0000      0.0000
     157.25       0.000      0.0791      4.0000      100000      0.0042      0.0000      0.0000
     157.50       0.000      0.0791      4.0000      100000      0.0042      0.0000      0.0000
     157.75       0.000      0.0791      4.0000      100000      0.0042      0.0000      0.0000
     158.00       0.000      0.0791      4.0000      100000      0.0042      0.0000      0.0000
     158.25       0.000      0.0724      4.0000      100000      0.0042      0.0000      0.0000
     158.50       0.000      0.0724      4.0000      100000      0.0042      0.0000      0.0000
     158.75       0.000      0.0724      4.0000      100000      0.0042      0.0000      0.0000
     159.00       0.000      0.0724      4.0000      100000      0.0042      0.0000      0.0000
     159.25       0.000      0.0600      4.0000      100000      0.0042      0.0000      0.0000
     159.50       0.000      0.0600      4.0000      100000      0.0042      0.0000      0.0000
     159.75       0.000      0.0600      4.0000      100000      0.0042      0.0000      0.0000
     160.00       0.000      0.0600      4.0000      100000      0.0042      0.0000      0.0000
     160.25       0.000      0.0442      4.0000      100000      0.0042      0.0000      0.0000
     160.50       0.000      0.0442      4.0000      100000      0.0042      0.0000      0.0000
     160.75       0.000      0.0442      4.0000      100000      0.0042      0.0000      0.0000
     161.00       0.000      0.0442      4.0000      100000      0.0042      0.0000      0.0000
     161.25       0.000      0.0276      4.0000      100000      0.0042      0.0000      0.0000
     161.50       0.000      0.0276      4.0000      100000      0.0042      0.0000      0.0000
     161.75       0.000      0.0276      4.0000      100000      0.0042      0.0000      0.0000
     162.00       0.000      0.0276      4.0000      100000      0.0042      0.0000      0.0000
     162.25       0.000      0.0132      4.0000      100000      0.0042      0.0000      0.0000
     162.50       0.000      0.0132      4.0000      100000      0.0042      0.0000      0.0000
     162.75       0.000      0.0132      4.0000      100000      0.0042      0.0000      0.0000
     163.00       0.000      0.0132      4.0000      100000      0.0042      0.0000      0.0000
     163.25       0.000      0.0035      4.0000      100000      0.0042      0.0000      0.0000
     163.50       0.000      0.0035      4.0000      100000      0.0042      0.0000      0.0000
     163.75       0.000      0.0035      4.0000      100000      0.0042      0.0000      0.0000
     164.00       0.000      0.0035      4.0000      100000      0.0042      0.0000      0.0000
     164.25       0.000      0.0000      4.0000      100000      0.0042      0.0000      0.0000
     164.50       0.000      0.0000      4.0000      100000      0.0042      0.0000      0.0000
     164.75       0.000      0.0000      4.0000      100000      0.0042      0.0000      0.0000
     165.00       0.000      0.0000      4.0000      100000      0.0042      0.0000      0.0000
     165.25       0.000      0.0000      4.0000      100000      0.0042      0.0000      0.0000
     165.50       0.000      0.0000      4.0000      100000      0.0042      0.0000      0.0000
     165.75       0.000      0.0000      4.0000      100000      0.0042      0.0000      0.0000
     166.00       0.000      0.0000      4.0000      100000      0.0042      0.0000      0.0000
     166.25       0.000      0.0000      4.0000      100000      0.0042      0.0000      0.0000
     166.50       0.000      0.0000      4.0000      100000      0.0042      0.0000      0.0000
     166.75       0.000      0.0000      4.0000      100000      0.0042      0.0000      0.0000
     167.00       0.000      0.0000      4.0000      100000      0.0042      0.0000      0.0000
     167.25       0.000      0.0000      4.0000      100000      0.0042      0.0000      0.0000
     167.50       0.000      0.0000      4.0000      100000      0.0042      0.0000      0.0000
     167.75       0.000      0.0000      4.0000      100000      0.0042      0.0000      0.0000
     168.00       0.000      0.0000      4.0000      100000      0.0042      0.0000      0.0000
     168.25       0.000      0.0000      4.0000      100000      0.0042      0.0000      0.0000
     168.50       0.000      0.0000      4.0000      100000      0.0042      0.0000      0.0000
     168.75       0.000      0.0000      4.0000      100000      0.0042      0.0000      0.0000
     169.00       0.000      0.0000      4.0000      100000      0.0042      0.0000      0.0000
     169.25       0.000      0.0000      4.0000      100000      0.0042      0.0000      0.0000
     169.50       0.000      0.0000      4.0000      100000      0.0042      0.0000      0.0000
     169.75       0.000      0.0000      4.0000      100000      0.0042      0.0000      0.0000
     170.00       0.000      0.0000      4.0000      100000      0.0042      0.0000      0.0000
     170.25       0.000      0.0000      4.0000      100000      0.0042      0.0000      0.0000
     170.50       0.000      0.0000      4.0000      100000      0.0042      0.0000      0.0000
     170.75       0.000      0.0000      4.0000      100000      0.0042      0.0000      0.0000
     171.00       0.000      0.0000      4.0000      100000      0.0042      0.0000      0.0000
     171.25       0.000      0.0000      4.0000      100000      0.0042      0.0000      0.0000
     171.50       0.000      0.0000      4.0000      100000      0.0042      0.0000      0.0000
     171.75       0.000      0.0000      4.0000      100000      0.0042      0.0000      0.0000
     172.00       0.000      0.0000      4.0000      100000      0.0042      0.0000      0.0000
     172.25       0.000      0.0000      4.0000      100000      0.0042      0.0000      0.0000
     172.50       0.000      0.0000      4.0000      100000      0.0042      0.0000      0.0000
     172.75       0.000      0.0000      4.0000      100000      0.0042      0.0000      0.0000
     173.00       0.000      0.0000      4.0000      100000      0.0042      0.0000      0.0000
     173.25       0.000      0.0000      4.0000      100000      0.0042      0.0000      0.0000
     173.50       0.000      0.0000      4.0000      100000      0.0042      0.0000      0.0000
     173.75       0.000      0.0000      4.0000      100000      0.0042      0.0000      0.0000
     174.00       0.000      0.0000      4.0000      100000      0.0042      0.0000      0.0000
     174.25       0.000      0.0035      4.0000      100000      0.0042      0.0000      0.0000
     174.50       0.000      0.0035      4.0000      100000      0.0042      0.0000      0.0000
     174.75       0.000      0.0035      4.0000      100000      0.0042      0.0000      0.0000
     175.00       0.000      0.0035      4.0000      100000      0.0042      0.0000      0.0000
     175.25       0.000      0.0132      4.0000      100000      0.0042      0.0000      0.0000
     175.50       0.000      0.0132      4.0000      100000      0.0042      0.0000      0.0000
     175.75       0.000      0.0132      4.0000      100000      0.0042      0.0000      0.0000
     176.00       0.000      0.0132      4.0000      100000      0.0042      0.0000      0.0000
     176.25       0.000      0.0276      4.0000      100000      0.0042      0.0000      0.0000
     176.50       0.000      0.0276      4.0000      100000      0.0042      0.0000      0.0000
     176.75       0.000      0.0276      4.0000      100000      0.0042      0.0000      0.0000
     177.00       0.000      0.0276      4.0000      100000      0.0042      0.0000      0.0000
     177.25       0.000      0.0442      4.0000      100000      0.0042      0.0000      0.0000
     177.50       0.000      0.0442      4.0000      100000      0.0042      0.0000      0.0000
     177.75       0.000      0.0442      4.0000      100000      0.0042      0.0000      0.0000
     178.00       0.000      0.0442      4.0000      100000      0.0042      0.0000      0.0000
     178.25       0.000      0.0600      4.0000      100000      0.0042      0.0000      0.0000
     178.50       0.000      0.0600      4.0000      100000      0.0042      0.0000      0.0000
     178.75       0.000      0.0600      4.0000      100000      0.0042      0.0000      0.0000
     179.00       0.000      0.0600      4.0000      100000      0.0042      0.0000      0.0000
     179.25       0.000      0.0724      4.0000      100000      0.0042      0.0000      0.0000
     179.50       0.000      0.0724      4.0000      100000      0.0042      0.0000      0.0000
     179.75       0.000      0.0724      4.0000      100000      0.0042      0.0000      0.0000
     180.00       0.000      0.0724      4.0000      100000      0.0042      0.0000      0.0000
     180.25       0.000      0.0791      4.0000      100000      0.0042      0.0000      0.0000
     180.50       0.000      0.0791      4.0000      100000      0.0042      0.0000      0.0000
     180.75       0.000      0.0791      4.0000      100000      0.0042      0.0000      0.0000
     181.00       0.000      0.0791      4.0000      100000      0.0042      0.0000      0.0000
     181.25       0.000      0.0791      4.0000      100000      0.0042      0.0000      0.0000
     181.50       0.000      0.0791      4.0000      100000      0.0042      0.0000      0.0000
     181.75       0.000      0.0791      4.0000      100000      0.0042      0.0000      0.0000
     182.00       0.000      0.0791      4.0000      100000      0.0042      0.0000      0.0000
     182.25       0.000      0.0724      4.0000      100000      0.0042      0.0000      0.0000
     182.50       0.000      0.0724      4.0000      100000      0.0042      0.0000      0.0000
     182.75       0.000      0.0724      4.0000      100000      0.0042      0.0000      0.0000
     183.00       0.000      0.0724      4.0000      100000      0.0042      0.0000      0.0000
     183.25       0.000      0.0600      4.0000      100000      0.0042      0.0000      0.0000
     183.50       0.000      0.0600      4.0000      100000      0.0042      0.0000      0.0000
     183.75       0.000      0.0600      4.0000      100000      0.0042      0.0000      0.0000
     184.00       0.000      0.0600      4.0000      100000      0.0042      0.0000      0.0000
     184.25       0.000      0.0442      4.0000      100000      0.0042      0.0000      0.0000
     184.50       0.000      0.0442      4.0000      100000      0.0042      0.0000      0.0000
     184.75       0.000      0.0442      4.0000      100000      0.0042      0.0000      0.0000
     185.00       0.000      0.0442      4.0000      100000      0.0042      0.0000      0.0000
     185.25       0.000      0.0276      4.0000      100000      0.0042      0.0000      0.0000
     185.50       0.000      0.0276      4.0000      100000      0.0042      0.0000      0.0000
     185.75       0.000      0.0276      4.0000      100000      0.0042      0.0000      0.0000
     186.00       0.000      0.0276      4.0000      100000      0.0042      0.0000      0.0000
     186.25       0.000      0.0132      4.0000      100000      0.0042      0.0000      0.0000
     186.50       0.000      0.0132      4.0000      100000      0.0042      0.0000      0.0000
     186.75       0.000      0.0132      4.0000      100000      0.0042      0.0000      0.0000
     187.00       0.000      0.0132      4.0000      100000      0.0042      0.0000      0.0000
     187.25       0.000      0.0035      4.0000      100000      0.0042      0.0000      0.0000
     187.50       0.000      0.0035      4.0000      100000      0.0042      0.0000      0.0000
     187.75       0.000      0.0035      4.0000      100000      0.0042      0.0000      0.0000
     188.00       0.000      0.0035      4.0000      100000      0.0042      0.0000      0.0000
     188.25       0.000      0.0000      4.0000      100000      0.0042      0.0000      0.0000
     188.50       0.000      0.0000      4.0000      100000      0.0042      0.0000      0.0000
     188.75       0.000      0.0000      4.0000      100000      0.0042      0.0000      0.0000
     189.00       0.000      0.0000      4.0000      100000      0.0042      0.0000      0.0000
     189.25       0.000      0.0000      4.0000      100000      0.0042      0.0000      0.0000
     189.50       0.000      0.0000      4.0000      100000      0.0042      0.0000      0.0000
     189.75       0.000      0.0000      4.0000      100000      0.0042      0.0000      0.0000
     190.00       0.000      0.0000      4.0000      100000      0.0042      0.0000      0.0000
     190.25       0.000      0.0000      4.0000      100000      0.0042      0.0000      0.0000
     190.50       0.000      0.0000      4.0000      100000      0.0042      0.0000      0.0000
     190.75       0.000      0.0000      4.0000      100000      0.0042      0.0000      0.0000
     191.00       0.000      0.0000      4.0000      100000      0.0042      0.0000      0.0000
     191.25       0.000      0.0000      4.0000      100000      0.0042      0.0000      0.0000
     191.50       0.000      0.0000      4.0000      100000      0.0042      0.0000      0.0000
     191.75       0.000      0.0000      4.0000      100000      0.0042      0.0000      0.0000
     192.00       0.000      0.0000      4.0000      100000      0.0042      0.0000      0.0000
     192.25       0.000      0.0000      4.0000      100000      0.0042      0.0000      0.0000
     192.50       0.000      0.0000      4.0000      100000      0.0042      0.0000      0.0000
     192.75       0.000      0.0000      4.0000      100000      0.0042      0.0000      0.0000
     193.00       0.000      0.0000      4.0000      100000      0.0042      0.0000      0.0000
     193.25       0.000      0.0000      4.0000      100000      0.0042      0.0000      0.0000
     193.50       0.000      0.0000      4.0000      100000      0.0042      0.0000      0.0000
     193.75       0.000      0.0000      4.0000      100000      0.0042      0.0000      0.0000
     194.00       0.000      0.0000      4.0000      100000      0.0042      0.0000      0.0000
     194.25       0.000      0.0000      4.0000      100000      0.0042      0.0000      0.0000
     194.50       0.000      0.0000      4.0000      100000      0.0042      0.0000      0.0000
     194.75       0.000      0.0000      4.0000      100000      0.0042      0.0000      0.0000
     195.00       0.000      0.0000      4.0000      100000      0.0042      0.0000      0.0000
     195.25       0.000      0.0000      4.0000      100000      0.0042      0.0000      0.0000
     195.50       0.000      0.0000      4.0000      100000      0.0042      0.0000      0.0000
     195.75       0.000      0.0000      4.0000      100000      0.0042      0.0000      0.0000
     196.00       0.000      0.0000      4.0000      100000      0.0042      0.0000      0.0000
     196.25       0.000      0.0000      4.0000      100000      0.0042      0.0000      0.0000
     196.50       0.000      0.0000      4.0000      100000      0.0042      0.0000      0.0000
     196.75       0.000      0.0000      4.0000      100000      0.0042      0.0000      0.0000
     197.00       0.000      0.0000      4.0000      100000      0.0042      0.0000      0.0000
     197.25       0.000      0.0000      4.0000      100000      0.0042      0.0000      0.0000
     197.50       0.000      0.0000      4.0000      100000      0.0042      0.0000      0.0000
     197.75       0.000      0.0000      4.0000      100000      0.0042      0.0000      0.0000
     198.00       0.000      0.0000      4.0000      100000      0.0042      0.0000      0.0000
     198.25       0.000      0.0035      4.0000      100000      0.0042      0.0000      0.0000
     198.50       0.000      0.0035      4.0000      100000      0.0042      0.0000      0.0000
     198.75       0.000      0.0035      4.0000      100000      0.0042      0.0000      0.0000
     199.00       0.000      0.0035      4.0000      100000      0.0042      0.0000      0.0000
     199.25       0.000      0.0132      4.0000      100000      0.0042      0.0000      0.0000
     199.50       0.000      0.0132      4.0000      100000      0.0042      0.0000      0.0000
     199.75       0.000      0.0132      4.0000      100000      0.0042      0.0000      0.0000
     200.00       0.000      0.0132      4.0000      100000      0.0042      0.0000      0.0000
     200.25       0.000      0.0276      4.0000      100000      0.0042      0.0000      0.0000
     200.50       0.000      0.0276      4.0000      100000      0.0042      0.0000      0.0000
     200.75       0.000      0.0276      4.0000      100000      0.0042      0.0000      0.0000
     201.00       0.000      0.0276      4.0000      100000      0.0042      0.0000      0.0000
     201.25       0.000      0.0442      4.0000      100000      0.0042      0.0000      0.0000
     201.50       0.000      0.0442      4.0000      100000      0.0042      0.0000      0.0000
     201.75       0.000      0.0442      4.0000      100000      0.0042      0.0000      0.0000
     202.00       0.000      0.0442      4.0000      100000      0.0042      0.0000      0.0000
     202.25       0.000      0.0600      4.0000      100000      0.0042      0.0000      0.0000
     202.50       0.000      0.0600      4.0000      100000      0.0042      0.0000      0.0000
     202.75       0.000      0.0600      4.0000      100000      0.0042      0.0000      0.0000
     203.00       0.000      0.0600      4.0000      100000      0.0042      0.0000      0.0000
     203.25       0.000      0.0724      4.0000      100000      0.0042      0.0000      0.0000
     203.50       0.000      0.0724      4.0000      100000      0.0042      0.0000      0.0000
     203.75       0.000      0.0724      4.0000      100000      0.0042      0.0000      0.0000
     204.00       0.000      0.0724      4.0000      100000      0.0042      0.0000      0.0000
     204.25       0.000      0.0791      4.0000      100000      0.0042      0.0000      0.0000
     204.50       0.000      0.0791      4.0000      100000      0.0042      0.0000      0.0000
     204.75       0.000      0.0791      4.0000      100000      0.0042      0.0000      0.0000
     205.00       0.000      0.0791      4.0000      100000      0.0042      0.0000      0.0000
     205.25       0.000      0.0791      4.0000      100000      0.0042      0.0000      0.0000
     205.50       0.000      0.0791      4.0000      100000      0.0042      0.0000      0.0000
     205.75       0.000      0.0791      4.0000      100000      0.0042      0.0000      0.0000
     206.00       0.000      0.0791      4.0000      100000      0.0042      0.0000      0.0000
     206.25       0.000      0.0724      4.0000      100000      0.0042      0.0000      0.0000
     206.50       0.000      0.0724      4.0000      100000      0.0042      0.0000      0.0000
     206.75       0.000      0.0724      4.0000      100000      0.0042      0.0000      0.0000
     207.00       0.000      0.0724      4.0000      100000      0.0042      0.0000      0.0000
     207.25       0.000      0.0600      4.0000      100000      0.0042      0.0000      0.0000
     207.50       0.000      0.0600      4.0000      100000      0.0042      0.0000      0.0000
     207.75       0.000      0.0600      4.0000      100000      0.0042      0.0000      0.0000
     208.00       0.000      0.0600      4.0000      100000      0.0042      0.0000      0.0000
     208.25       0.000      0.0442      4.0000      100000      0.0042      0.0000      0.0000
     208.50       0.000      0.0442      4.0000      100000      0.0042      0.0000      0.0000
     208.75       0.000      0.0442      4.0000      100000      0.0042      0.0000      0.0000
     209.00       0.000      0.0442      4.0000      100000      0.0042      0.0000      0.0000
     209.25       0.000      0.0276      4.0000      100000      0.0042      0.0000      0.0000
     209.50       0.000      0.0276      4.0000      100000      0.0042      0.0000      0.0000
     209.75       0.000      0.0276      4.0000      100000      0.0042      0.0000      0.0000
     210.00       0.000      0.0276      4.0000      100000      0.0042      0.0000      0.0000
     210.25       0.000      0.0132      4.0000      100000      0.0042      0.0000      0.0000
     210.50       0.000      0.0132      4.0000      100000      0.0042      0.0000      0.0000
     210.75       0.000      0.0132      4.0000      100000      0.0042      0.0000      0.0000
     211.00       0.000      0.0132      4.0000      100000      0.0042      0.0000      0.0000
     211.25       0.000      0.0035      4.0000      100000      0.0042      0.0000      0.0000
     211.50       0.000      0.0035      4.0000      100000      0.0042      0.0000      0.0000
     211.75       0.000      0.0035      4.0000      100000      0.0042      0.0000      0.0000
     212.00       0.000      0.0035      4.0000      100000      0.0042      0.0000      0.0000
     212.25       0.000      0.0000      4.0000      100000      0.0042      0.0000      0.0000
     212.50       0.000      0.0000      4.0000      100000      0.0042      0.0000      0.0000
     212.75       0.000      0.0000      4.0000      100000      0.0042      0.0000      0.0000
     213.00       0.000      0.0000      4.0000      100000      0.0042      0.0000      0.0000
     213.25       0.000      0.0000      4.0000      100000      0.0042      0.0000      0.0000
     213.50       0.000      0.0000      4.0000      100000      0.0042      0.0000      0.0000
     213.75       0.000      0.0000      4.0000      100000      0.0042      0.0000      0.0000
     214.00       0.000      0.0000      4.0000      100000      0.0042      0.0000      0.0000
     214.25       0.000      0.0000      4.0000      100000      0.0042      0.0000      0.0000
     214.50       0.000      0.0000      4.0000      100000      0.0042      0.0000      0.0000
     214.75       0.000      0.0000      4.0000      100000      0.0042      0.0000      0.0000
     215.00       0.000      0.0000      4.0000      100000      0.0042      0.0000      0.0000
     215.25       0.000      0.0000      4.0000      100000      0.0042      0.0000      0.0000
     215.50       0.000      0.0000      4.0000      100000      0.0042      0.0000      0.0000
     215.75       0.000      0.0000      4.0000      100000      0.0042      0.0000      0.0000
     216.00       0.000      0.0000      4.0000      100000      0.0042      0.0000      0.0000
     216.25       0.000      0.0000      4.0000      100000      0.0042      0.0000      0.0000
     216.50       0.000      0.0000      4.0000      100000      0.0042      0.0000      0.0000
     216.75       0.000      0.0000      4.0000      100000      0.0042      0.0000      0.0000
     217.00       0.000      0.0000      4.0000      100000      0.0042      0.0000      0.0000
     217.25       0.000      0.0000      4.0000      100000      0.0042      0.0000      0.0000
     217.50       0.000      0.0000      4.0000      100000      0.0042      0.0000      0.0000
     217.75       0.000      0.0000      4.0000      100000      0.0042      0.0000      0.0000
     218.00       0.000      0.0000      4.0000      100000      0.0042      0.0000      0.0000
     218.25       0.000      0.0000      4.0000      100000      0.0042      0.0000      0.0000
     218.50       0.000      0.0000      4.0000      100000      0.0042      0.0000      0.0000
     218.75       0.000      0.0000      4.0000      100000      0.0042      0.0000      0.0000
     219.00       0.000      0.0000      4.0000      100000      0.0042      0.0000      0.0000
     219.25       0.000      0.0000      4.0000      100000      0.0042      0.0000      0.0000
     219.50       0.000      0.0000      4.0000      100000      0.0042      0.0000      0.0000
     219.75       0.000      0.0000      4.0000      100000      0.0042      0.0000      0.0000
     220.00       0.000      0.0000      4.0000      100000      0.0042      0.0000      0.0000
     220.25       0.000      0.0000      4.0000      100000      0.0042      0.0000      0.0000
     220.50       0.000      0.0000      4.0000      100000      0.0042      0.0000      0.0000
     220.75       0.000      0.0000      4.0000      100000      0.0042      0.0000      0.0000
     221.00       0.000      0.0000      4.0000      100000      0.0042      0.0000      0.0000
     221.25       0.000      0.0000      4.0000      100000      0.0042      0.0000      0.0000
     221.50       0.000      0.0000      4.0000      100000      0.0042      0.0000      0.0000
     221.75       0.000      0.0000      4.0000      100000      0.0042      0.0000      0.0000
     222.00       0.000      0.0000      4.0000      100000      0.0042      0.0000      0.0000
     222.25       0.000      0.0035      4.0000      100000      0.0042      0.0000      0.0000
     222.50       0.000      0.0035      4.0000      100000      0.0042      0.0000      0.0000
     222.75       0.000      0.0035      4.0000      100000      0.0042      0.0000      0.0000
     223.00       0.000      0.0035      4.0000      100000      0.0042      0.0000      0.0000
     223.25       0.000      0.0132      4.0000      100000      0.0042      0.0000      0.0000
     223.50       0.000      0.0132      4.0000      100000      0.0042      0.0000      0.0000
     223.75       0.000      0.0132      4.0000      100000      0.0042      0.0000      0.0000
     224.00       0.000      0.0132      4.0000      100000      0.0042      0.0000      0.0000
     224.25       0.000      0.0276      4.0000      100000      0.0042      0.0000      0.0000
     224.50       0.000      0.0276      4.0000      100000      0.0042      0.0000      0.0000
     224.75       0.000      0.0276      4.0000      100000      0.0042      0.0000      0.0000
     225.00       0.000      0.0276      4.0000      100000      0.0042      0.0000      0.0000
     225.25       0.000      0.0442      4.0000      100000      0.0042      0.0000      0.0000
     225.50       0.000      0.0442      4.0000      100000      0.0042      0.0000      0.0000
     225.75       0.000      0.0442      4.0000      100000      0.0042      0.0000      0.0000
     226.00       0.000      0.0442      4.0000      100000      0.0042      0.0000      0.0000
     226.25       0.000      0.0600      4.0000      100000      0.0042      0.0000      0.0000
     226.50       0.000      0.0600      4.0000      100000      0.0042      0.0000      0.0000
     226.75       0.000      0.0600      4.0000      100000      0.0042      0.0000      0.0000
     227.00       0.000      0.0600      4.0000      100000      0.0042      0.0000      0.0000
     227.25       0.000      0.0724      4.0000      100000      0.0042      0.0000      0.0000
     227.50       0.000      0.0724      4.0000      100000      0.0042      0.0000      0.0000
     227.75       0.000      0.0724      4.0000      100000      0.0042      0.0000      0.0000
     228.00       0.000      0.0724      4.0000      100000      0.0042      0.0000      0.0000
     228.25       0.000      0.0791      4.0000      100000      0.0042      0.0000      0.0000
     228.50       0.000      0.0791      4.0000      100000      0.0042      0.0000      0.0000
     228.75       0.000      0.0791      4.0000      100000      0.0042      0.0000      0.0000
     229.00       0.000      0.0791      4.0000      100000      0.0042      0.0000      0.0000
     229.25       0.000      0.0791      4.0000      100000      0.0042      0.0000      0.0000
     229.50       0.000      0.0791      4.0000      100000      0.0042      0.0000      0.0000
     229.75       0.000      0.0791      4.0000      100000      0.0042      0.0000      0.0000
     230.00       0.000      0.0791      4.0000      100000      0.0042      0.0000      0.0000
     230.25       0.000      0.0724      4.0000      100000      0.0042      0.0000      0.0000
     230.50       0.000      0.0724      4.0000      100000      0.0042      0.0000      0.0000
     230.75       0.000      0.0724      4.0000      100000      0.0042      0.0000      0.0000
     231.00       0.000      0.0724      4.0000      100000      0.0042      0.0000      0.0000
     231.25       0.000      0.0600      4.0000      100000      0.0042      0.0000      0.0000
     231.50       0.000      0.0600      4.0000      100000      0.0042      0.0000      0.0000
     231.75       0.000      0.0600      4.0000      100000      0.0042      0.0000      0.0000
     232.00       0.000      0.0600      4.0000      100000      0.0042      0.0000      0.0000
     232.25       0.000      0.0442      4.0000      100000      0.0042      0.0000      0.0000
     232.50       0.000      0.0442      4.0000      100000      0.0042      0.0000      0.0000
     232.75       0.000      0.0442      4.0000      100000      0.0042      0.0000      0.0000
     233.00       0.000      0.0442      4.0000      100000      0.0042      0.0000      0.0000
     233.25       0.000      0.0276      4.0000      100000      0.0042      0.0000      0.0000
     233.50       0.000      0.0276      4.0000      100000      0.0042      0.0000      0.0000
     233.75       0.000      0.0276      4.0000      100000      0.0042      0.0000      0.0000
     234.00       0.000      0.0276      4.0000      100000      0.0042      0.0000      0.0000
     234.25       0.000      0.0132      4.0000      100000      0.0042      0.0000      0.0000
     234.50       0.000      0.0132      4.0000      100000      0.0042      0.0000      0.0000
     234.75       0.000      0.0132      4.0000      100000      0.0042      0.0000      0.0000
     235.00       0.000      0.0132      4.0000      100000      0.0042      0.0000      0.0000
     235.25       0.000      0.0035      4.0000      100000      0.0042      0.0000      0.0000
     235.50       0.000      0.0035      4.0000      100000      0.0042      0.0000      0.0000
     235.75       0.000      0.0035      4.0000      100000      0.0042      0.0000      0.0000
     236.00       0.000      0.0035      4.0000      100000      0.0042      0.0000      0.0000
     236.25       0.000      0.0000      4.0000      100000      0.0042      0.0000      0.0000
     236.50       0.000      0.0000      4.0000      100000      0.0042      0.0000      0.0000
     236.75       0.000      0.0000      4.0000      100000      0.0042      0.0000      0.0000
     237.00       0.000      0.0000      4.0000      100000      0.0042      0.0000      0.0000
     237.25       0.000      0.0000      4.0000      100000      0.0042      0.0000      0.0000
     237.50       0.000      0.0000      4.0000      100000      0.0042      0.0000      0.0000
     237.75       0.000      0.0000      4.0000      100000      0.0042      0.0000      0.0000
     238.00       0.000      0.0000      4.0000      100000      0.0042      0.0000      0.0000
     238.25       0.000      0.0000      4.0000      100000      0.0042      0.0000      0.0000
     238.50       0.000      0.0000      4.0000      100000      0.0042      0.0000      0.0000
     238.75       0.000      0.0000      4.0000      100000      0.0042      0.0000      0.0000
     239.00       0.000      0.0000      4.0000      100000      0.0042      0.0000      0.0000
     239.25       0.000      0.0000      4.0000      100000      0.0042      0.0000      0.0000
     239.50       0.000      0.0000      4.0000      100000      0.0042      0.0000      0.0000
     239.75       0.000      0.0000      4.0000      100000      0.0042      0.0000      0.0000
     240.00       0.000      0.0000      4.0000      100000      0.0042      0.0000      0.0000
end*** END OF INPUT FILE 'ATMOSPH.IN' **********************************
